2 0.6452543281249999 0.47181101875 0.6457715328125 0.4571467046875 0.6370451609375001 0.456324403125 0.63553859375 0.47088752031250003 0.6452543281249999 0.47181101875
2 0.6296474640625 0.47120989687500003 0.6299735453124999 0.45607401562499994 0.621960240625 0.4552695625 0.6208374531249999 0.47132616250000003 0.6296474640625 0.47120989687500003
2 0.6136249765625 0.46959927968750004 0.614730778125 0.4537855984375 0.6061636859374999 0.4539188515625 0.6048488015625 0.469231696875 0.6136249765625 0.46959927968750004
2 0.5980350999999999 0.4687552359375 0.599383959375 0.45295655312500005 0.5915985781249999 0.45241214531249996 0.5904926390624999 0.468227815625 0.5980350999999999 0.4687552359375
2 0.5817335875 0.46761532343749995 0.583033340625 0.4525475296875 0.5745683078125 0.45122127343749996 0.57300865 0.46651499999999996 0.5817335875 0.46761532343749995
2 0.5659199078125 0.4665095234375 0.5664359578125 0.45211925 0.5587015390625 0.450846084375 0.5574209046874999 0.46566910781250004 0.5659199078125 0.4665095234375
2 0.4523384828125 0.4605199984375 0.45336881875 0.44578551875 0.44543208281249996 0.44483035156249995 0.4441608625 0.46014825000000004 0.4523384828125 0.4605199984375
2 0.43629374375 0.45819751093749994 0.43750926874999996 0.44367606875 0.429132534375 0.4432904 0.42811612187500003 0.4578257640625 0.43629374375 0.45819751093749994
2 0.419313309375 0.45781047656249996 0.42011668437500005 0.443460303125 0.41311982656249996 0.4433712109375 0.411946071875 0.45729530937499996 0.419313309375 0.45781047656249996
2 0.40528756250000003 0.45522899531250005 0.405993471875 0.4422726234375 0.3982419265625 0.4415304953125 0.39730905625 0.454871171875 0.40528756250000003 0.45522899531250005
2 0.388321053125 0.45464284531250004 0.3894530375 0.4413160921875 0.3824701046875 0.44102788593750003 0.38116685 0.4539424875 0.388321053125 0.45464284531250004