2 0.36983213125000003 0.4523075140625 0.37036702187500004 0.4376764515625 0.3616111328125 0.4372762734375 0.360082425 0.4518698578125 0.36983213125000003 0.4523075140625
2 0.3843291546875 0.454787890625 0.3854519421875 0.4387312921875 0.3774046640625 0.438412678125 0.3756210640625 0.453446640625 0.3843291546875 0.454787890625
2 0.4004537 0.45493899843749996 0.40128274687500004 0.43959218125 0.3928175765625 0.438267915625 0.3917117765625 0.45408159687499994 0.4004537 0.45493899843749996
2 0.4148098625 0.4559428796875 0.415915803125 0.44012720937500005 0.408130421875 0.43958280156249996 0.4072674015625 0.455415459375 0.4148098625 0.4559428796875
2 0.4323620765625 0.456680034375 0.432946071875 0.44131808125000005 0.4243788421875 0.441453325 0.4235689140625 0.45655537187500006 0.4323620765625 0.456680034375
2 0.4479158484375 0.45801176874999994 0.44871064374999997 0.4431547703125 0.4408743046875 0.4433391234375 0.43938259375 0.457661171875 0.4479158484375 0.45801176874999994
2 0.5608420078125 0.468307390625 0.5617149968749999 0.45296164531249994 0.5537225671875 0.4528029359375 0.5526922328125 0.467537415625 0.5608420078125 0.468307390625
2 0.5770538281250001 0.468240503125 0.578070240625 0.4537051390625 0.5697213515625 0.45292123906250004 0.568904053125 0.46747052812499995 0.5770538281250001 0.468240503125
2 0.5931403375000001 0.469965646875 0.593915865625 0.4560137015625 0.5869747015625 0.45512815156249997 0.5857731 0.4694504796875 0.5931403375000001 0.469965646875
2 0.60797228125 0.46960217968749995 0.608905153125 0.456261503125 0.6011257609375 0.4559176015625 0.6000216218750001 0.46884612812500004 0.60797228125 0.46960217968749995
2 0.6240866406250001 0.47092909374999997 0.6245934359375 0.45795879843750004 0.6176383484375 0.4572723640625 0.616904590625 0.4706269640625 0.6240866406250001 0.47092909374999997