1 0.8066098937499999 0.43431306562499994 0.8057360875 0.4092905390625 0.7962110984375 0.4091228546875 0.794547009375 0.43323117343749995 0.8066098937499999 0.43431306562499994
1 0.7861284875 0.43603112499999996 0.7847702140624999 0.4115258234375 0.7782478421875 0.41125328437500003 0.7786546296875 0.4372927265625 0.7861284875 0.43603112499999996
1 0.7690772156250001 0.43562373593750003 0.7677736687500001 0.4126218828125 0.7607493015625 0.4123646515625 0.7615532296875 0.4353861734375 0.7690772156250001 0.43562373593750003
1 0.748903246875 0.43181881093749996 0.74766735625 0.4108180390625 0.742111615625 0.40950891250000004 0.7423786531250001 0.43154634999999997 0.748903246875 0.43181881093749996
1 0.7282972390625 0.43003241875000003 0.7280979359375 0.40999828125000004 0.72204028125 0.40870668125 0.721792315625 0.4302595765625 0.7282972390625 0.43003241875000003
1 0.7087977734375001 0.4312158828125 0.70899545625 0.40815938437500004 0.7019361890625 0.406902759375 0.7027925453125 0.43142559062499997 0.7087977734375001 0.4312158828125
2 0.568901453125 0.44261402656250004 0.568184928125 0.4220954234375 0.5621796984375 0.4223051296875 0.5624139796875001 0.44334087968749997 0.568901453125 0.44261402656250004
2 0.5433442546875 0.44250367187500006 0.549868928125 0.442778353125 0.549169853125 0.42275944374999996 0.5441815421875 0.4234361671875 0.5433442546875 0.44250367187500006
2 0.51383755625 0.4440365953125 0.5120844421874999 0.4225513578125 0.5034539921875 0.41934615781250006 0.5047772875 0.44284985 0.51383755625 0.4440365953125
2 0.49169526562500004 0.44130101718750003 0.4904943515625 0.4213018578125 0.484506571875 0.42201126093749997 0.4851881203125 0.4415282515625 0.49169526562500004 0.44130101718750003
2 0.47273039531250005 0.4434664234375 0.47197897031249997 0.42194842968749996 0.4659387640625 0.4211565234375 0.46672516562500005 0.44367613125 0.47273039531250005 0.4434664234375
3 0.7190829484375 0.376296815625 0.72519925625 0.389647046875 0.7278520875 0.4008568484375 0.7337120796875001 0.406867109375 0.747259378125 0.406394028125 0.7487743124999999 0.40125580625 0.7372022234375 0.3773606640625 0.7225805671875001 0.36317786875 0.7147181140625001 0.36458200937499996 0.7190829484375 0.376296815625
3 0.789155525 0.3924989640625 0.7775931328125 0.38499124687499997 0.7652278781249999 0.37072965468749997 0.7432860265625 0.35736949687499997 0.760856153125 0.391228046875 0.7720143328125 0.40327041093749993 0.7889462359375 0.40267913593750004 0.789155525 0.3924989640625