1 0.8097574468750001 0.44610425468750003 0.8090765953125001 0.41756808437500004 0.8002468078125 0.41824468125 0.8002468078125 0.44610425468750003 0.8097574468750001 0.44610425468750003
1 0.7934510640625 0.448142553125 0.7920936171874999 0.41892553125000004 0.781902128125 0.41552978749999997 0.783940425 0.448142553125 0.7934510640625 0.448142553125
1 0.773068084375 0.44134680781249996 0.773068084375 0.4134914890625 0.7628765953125 0.4134914890625 0.7628765953125 0.44066595781249995 0.773068084375 0.44134680781249996
1 0.754042553125 0.438627659375 0.754042553125 0.41416808437499997 0.745212765625 0.4128106390625 0.745212765625 0.4393085109375 0.754042553125 0.438627659375
1 0.7363787234375 0.4372702125 0.735697871875 0.4128106390625 0.7255063828125 0.4100914890625 0.726187234375 0.4372702125 0.7363787234375 0.4372702125
1 0.7180340421875 0.43998936093749996 0.7159957453125 0.4114531921875 0.7064851062499999 0.41212978749999996 0.7064851062499999 0.43998936093749996 0.7180340421875 0.43998936093749996
4 0.7316212765625 0.3557382984375 0.71531489375 0.3441893609375 0.7051234046875 0.33535531875 0.69425531875 0.3414702125 0.7105617015625 0.3543808515625 0.72822553125 0.3686489359375 0.74317446875 0.3897085109375 0.75268510625 0.380197871875 0.7458893609375 0.3652489359375 0.7316212765625 0.3557382984375
3 0.7581191484375001 0.3570957453125 0.733659575 0.336712765625 0.7207531921875 0.3421510640625 0.737059575 0.352342553125 0.751327659375 0.3632106390625 0.7642340421875 0.3774787234375 0.7791829781249999 0.39107021249999996 0.7859787234375 0.3822361703125 0.7737489359375 0.37272553125 0.7581191484375001 0.3570957453125
1 0.5787489359375 0.44746170156250004 0.578068084375 0.423682978125 0.568557446875 0.42164468125 0.5692382984375 0.4467808515625 0.5787489359375 0.44746170156250004
1 0.55768510625 0.44474255312500005 0.5563276593750001 0.41824468125 0.54817446875 0.4196063828125 0.5474936171875 0.4454234046875 0.55768510625 0.44474255312500005
1 0.522357446875 0.44338510624999994 0.5209957453125 0.41620638281250005 0.5101276593749999 0.41756808437500004 0.5108042546875 0.44406595781249997 0.522357446875 0.44338510624999994
1 0.5026510640625 0.44474255312500005 0.5012936171875 0.416887234375 0.49382127656249997 0.41620638281250005 0.494497871875 0.4454234046875 0.5026510640625 0.44474255312500005
1 0.48226808437499996 0.4454234046875 0.4815914890625 0.41892553125000004 0.4720765953125 0.41824468125 0.47140000000000004 0.44610425468750003 0.48226808437499996 0.4454234046875