1 0.3931978421875 0.4412603421875 0.385940646875 0.4412603421875 0.385940646875 0.4548646578125 0.3927446046875 0.4548646578125 0.3931978421875 0.4412603421875
1 0.40226798593749996 0.44171357968749997 0.40226798593749996 0.45305170937500006 0.40771043125000006 0.45305170937500006 0.40771043125000006 0.443073290625 0.40226798593749996 0.44171357968749997
1 0.41768704999999995 0.44080530625 0.41768704999999995 0.45305170937500006 0.423129496875 0.4521434359375 0.42358273437499994 0.44080530625 0.41768704999999995 0.44080530625
1 0.43310791406250004 0.4412603421875 0.43265287812500003 0.4516901984375 0.43854856093750005 0.4521434359375 0.4371888484375 0.44080530625 0.43310791406250004 0.4412603421875
1 0.44807374062500005 0.4380840828125 0.447620503125 0.4512369609375 0.4530611515625 0.45078372343749995 0.4526079140625 0.43899235625 0.44807374062500005 0.4380840828125
1 0.46394604375000004 0.4380840828125 0.46394604375000004 0.45033048593749997 0.4693884890625 0.44942221250000003 0.4693884890625 0.4367243703125 0.46394604375000004 0.4380840828125
1 0.575510790625 0.43354990937500004 0.575964028125 0.44488803906249996 0.5805 0.44488803906249996 0.5805 0.434003146875 0.575510790625 0.43354990937500004
1 0.59002338125 0.4330966734375 0.59047661875 0.44579451406250004 0.5977338125 0.44579451406250004 0.5963723015625 0.4321884 0.59002338125 0.4330966734375
1 0.60680395625 0.43354990937500004 0.60680395625 0.44352652812500004 0.612246403125 0.44488803906249996 0.6113381296875 0.4330966734375 0.60680395625 0.43354990937500004
1 0.622676259375 0.43082868750000003 0.623582734375 0.44397976562499997 0.6290251796875 0.4444348015625 0.6281187046875 0.43037545 0.622676259375 0.43082868750000003
1 0.6371888484375 0.43082868750000003 0.6380953234375 0.44352652812500004 0.6435377703125 0.44352652812500004 0.6421780578125 0.43037545 0.6371888484375 0.43082868750000003
1 0.653969425 0.4317351625 0.6548759000000001 0.44352652812500004 0.6589586328125 0.44352652812500004 0.6585035968749999 0.43128192500000007 0.653969425 0.4317351625
1 0.27891187031250003 0.4453412765625 0.273469425 0.4453412765625 0.2730161875 0.45849235625 0.2793651078125 0.45849235625 0.27891187031250003 0.4453412765625
1 0.26439928125 0.44579451406250004 0.258050359375 0.4462477515625 0.259410071875 0.45940062968750006 0.26485251875000004 0.4589473921875 0.26439928125 0.44579451406250004
1 0.24217805781249999 0.44715602499999996 0.2426312953125 0.461668615625 0.248980215625 0.4612135796875 0.248526978125 0.44579451406250004 0.24217805781249999 0.44715602499999996
1 0.22721043124999998 0.4480625 0.22675719375 0.46348156406249996 0.232652878125 0.46348156406249996 0.233106115625 0.4485157375 0.22721043124999998 0.4480625
1 0.213152878125 0.448968975 0.2126978421875 0.4630283265625 0.2190485609375 0.46348156406249996 0.2195017984375 0.44670098906250005 0.213152878125 0.448968975
2 0.199093525 0.4485157375 0.19818705 0.46348156406249996 0.204989209375 0.4639348015625 0.204535971875 0.44942221250000003 0.199093525 0.4485157375
0 0.3827661875 0.43082868750000003 0.3827661875 0.4380840828125 0.3886618703125 0.43989883125 0.3954658265625 0.43763084531249996 0.3936510796875 0.423573290625 0.39047661875 0.417222571875 0.38957014375 0.408152428125 0.38911690625 0.3968142984375 0.39047661875 0.3881973921875 0.38231295 0.3863844421875 0.3805 0.4022567453125 0.38231295 0.411781925 0.3818597125 0.42221178125 0.3827661875 0.43082868750000003
0 0.40136151093750005 0.43354990937500004 0.4058956828125 0.43853911874999996 0.4095251796875 0.434909621875 0.40816366875 0.423573290625 0.4108848921875 0.41223516250000003 0.41133812968749994 0.4022567453125 0.41405935312500003 0.388652428125 0.40816366875 0.38502293125 0.4058956828125 0.3950013484375 0.4031744609375 0.40633947812500004 0.40226798593749996 0.4194905578125 0.40136151093750005 0.43354990937500004
4 0.4244910078125 0.389558903125 0.424035971875 0.38366321875 0.4181402875 0.38366321875 0.4185953234375 0.3999905578125 0.4181402875 0.405886240625 0.423129496875 0.40044379531249996 0.4244910078125 0.389558903125
4 0.421769784375 0.42130530625 0.4204082734375 0.41676933437499997 0.41723381249999997 0.41586285937499995 0.41723381249999997 0.42810746406250005 0.4185953234375 0.434003146875 0.4204082734375 0.426292715625 0.421769784375 0.42130530625
0 0.5746043171874999 0.426292715625 0.5764172656250001 0.4330966734375 0.5832212234374999 0.42810746406250005 0.581406475 0.41903732031249996 0.5746043171874999 0.4090607015625 0.5709766187499999 0.3954545859375 0.566893884375 0.3881973921875 0.5623597124999999 0.38230170937499997 0.5551025187499999 0.3782207734375 0.5614514390625 0.390918615625 0.567800359375 0.398629046875 0.57278956875 0.411781925 0.5746043171874999 0.426292715625
0 0.5786852515625001 0.4040714921875 0.5832212234374999 0.411781925 0.58866366875 0.42130530625 0.5963723015625 0.43037545 0.59818705 0.42175854375000005 0.58866366875 0.41042041406249996 0.5805 0.3999905578125 0.57188309375 0.3881973921875 0.5632661875 0.3782207734375 0.5682553953125 0.389105665625 0.5736960437499999 0.3968142984375 0.5786852515625001 0.4040714921875
0 0.622676259375 0.42130530625 0.6294784171875001 0.4321884 0.6335611515624999 0.429468975 0.6290251796875 0.416316096875 0.6190485609375 0.408152428125 0.60861690625 0.39590782343750003 0.5995467624999999 0.38502293125 0.5931978421874999 0.3777675359375 0.5868489203125 0.3777675359375 0.5954658265624999 0.388652428125 0.6045359718750001 0.398629046875 0.612246403125 0.41132688906250003 0.622676259375 0.42130530625
4 0.59092985625 0.3877441546875 0.5845809359375 0.3791272484375 0.5773255390625 0.3782207734375 0.5859424453125001 0.390465378125 0.6009082734375 0.4049779671875 0.6 0.39817580937499997 0.59092985625 0.3877441546875
4 0.224489209375 0.4285607015625 0.23219964062499998 0.4231182546875 0.239456834375 0.41495638437500004 0.2526079140625 0.407245953125 0.2625845328125 0.4018035078125 0.2693884890625 0.397269334375 0.2743759 0.3931866 0.26439928125 0.39182688906249996 0.2467122296875 0.40316501875000005 0.2358273375 0.4090607015625 0.22902517968749997 0.41903732031249996 0.224489209375 0.4285607015625