1 0.389366971875 0.44701822656249995 0.39615435625 0.447492846875 0.39755547812500003 0.43395328749999995 0.3903159609375 0.43344705 0.389366971875 0.44701822656249995
1 0.411210190625 0.446728278125 0.41190625000000003 0.436774165625 0.4065719109375 0.435038121875 0.405781003125 0.4463486328125 0.411210190625 0.446728278125
1 0.4266550546875 0.446897796875 0.4278980953125 0.43561890312499996 0.4220167734375 0.435207640625 0.42116250781250003 0.4474242125 0.4266550546875 0.446897796875
1 0.44203655937499997 0.4479733765625 0.44147106562499994 0.4365680171875 0.43736833124999996 0.4367372734375 0.436186853125 0.44710998125 0.44203655937499997 0.4479733765625
1 0.456608646875 0.44762932343750006 0.4569790375 0.4358350625 0.45251926718749996 0.43461271406249996 0.451149634375 0.4477019359375 0.456608646875 0.44762932343750006
1 0.4729911859375 0.447410065625 0.47387694218750004 0.43474315625 0.4683529046875 0.43571990937500005 0.46749863906250005 0.44793648125 0.4729911859375 0.447410065625
1 0.584148321875 0.4506376859375 0.5849076140625 0.43977930781249996 0.5799621734375 0.43897914531250004 0.5796234 0.45032127187500004 0.584148321875 0.4506376859375
1 0.601276921875 0.452744121875 0.6008678421875 0.439076178125 0.5944710296875 0.43953936093749996 0.59403740625 0.45223788593750003 0.601276921875 0.452744121875
1 0.6158173921875 0.45285220156249995 0.61573385625 0.44102620156250005 0.6111791109375 0.4411620453125 0.610483178125 0.4511143625 0.6158173921875 0.45285220156249995
1 0.6325869125 0.453570496875 0.6326633765625 0.4394821609375 0.6272025734375 0.43955464843750003 0.6271894671875 0.45273692343749994 0.6325869125 0.453570496875
1 0.647127509375 0.4536767828125 0.6466884828125 0.4404628921875 0.641679809375 0.4405669953125 0.6416983203125 0.4532971375 0.647127509375 0.4536767828125
1 0.6625108078124999 0.4547524890625 0.6629110203125 0.4425059703125 0.6583562781250001 0.44264181562499993 0.6584380203125 0.45446769062500003 0.6625108078124999 0.4547524890625
1 0.27646453593750003 0.44275987656250004 0.282797990625 0.44320275468750003 0.2832632296875 0.43005209375 0.27783404218749996 0.42967244843749997 0.27646453593750003 0.44275987656250004
1 0.26282820625 0.4427168234375 0.2682890109375 0.44264433593749997 0.2687543765625 0.42949188125 0.26238930312500003 0.42950113593749994 0.26282820625 0.4427168234375
1 0.252297290625 0.44379780625 0.2529207375 0.428384684375 0.2464923078125 0.4293 0.24593209531250002 0.44380885625 0.252297290625 0.44379780625
1 0.2358515203125 0.44492132812499996 0.237347615625 0.430023575 0.23149790937499998 0.42916017812499996 0.229970196875 0.4445100671875 0.2358515203125 0.44492132812499996
1 0.2222803421875 0.4439723390625 0.22390302968750003 0.4272642578125 0.21741136718749998 0.429083840625 0.21597670937500002 0.4430772015625 0.2222803421875 0.4439723390625
2 0.208223621875 0.4434437421875 0.2087838359375 0.4289348890625 0.203417878125 0.42765097656249995 0.20146964843749998 0.44251711406250005 0.208223621875 0.4434437421875
0 0.3962461078125 0.4006729671875 0.3965848828125 0.389330840625 0.3985423671875 0.3808297734375 0.39052505000000004 0.3784517703125 0.3876093203125 0.39415894375 0.38875341093750004 0.40378738593749997 0.387573728125 0.4141602203125 0.38787690937499997 0.42281936875000004 0.3873708 0.4300570890625 0.3931255296875 0.43227867968749994 0.40007111875 0.4304908375 0.3992413984375 0.4163409359375 0.3965176734375 0.40978424843749994 0.3962461078125 0.4006729671875
0 0.42203591406249996 0.3829287484375 0.416407771875 0.37889683125 0.4134492515625 0.388692734375 0.40994375156249996 0.399813421875 0.4081221109375 0.412869234375 0.4062371140625 0.42683110468749996 0.4104122109375 0.4321244484375 0.41428604687500004 0.42875697500000004 0.41371863593749997 0.417353284375 0.4172241375 0.40623259687499996 0.4183723296875 0.396310103125 0.42203591406249996 0.3829287484375
4 0.43237892499999997 0.384560690625 0.432336259375 0.3786476265625 0.42645493749999996 0.3782363640625 0.4257699265625 0.39455567187499996 0.4249047375 0.4004052515625 0.43026143906250003 0.39532409375 0.43237892499999997 0.384560690625
4 0.4274498140625 0.4160399390625 0.4264080328125 0.4114200421875 0.42330453749999997 0.4102943359375 0.42245039687499997 0.42250911406249997 0.42339732812499997 0.428485409375 0.425743715625 0.420920225 0.4274498140625 0.4160399390625
0 0.574529890625 0.39313601875000004 0.570418025 0.386938409375 0.5634631812500001 0.3823611796875 0.5689108796875 0.39547096875 0.57470648125 0.4036054953125 0.5787660390625 0.4170743640625 0.5795641453125 0.43167639687500003 0.5808980578125 0.4385902453125 0.5880334703125001 0.43408780937499997 0.58685584375 0.42491317031250003 0.5807661890625 0.414486359375 0.5780964421875 0.40066033125 0.574529890625 0.39313601875000004
0 0.5872802125 0.405849571875 0.5795069453125 0.3934840484375 0.5716069640625 0.3829306484375 0.5758247265625 0.3941370546875 0.5807143953125 0.4022064296875 0.5851852125 0.40979397500000003 0.5891722828125 0.4178020390625 0.593937153125 0.42768186718749995 0.6009943062499999 0.43726764375 0.60340571875 0.42879831875 0.5946964453125 0.416823490625 0.5872802125 0.405849571875
0 0.6073246671875 0.392247040625 0.6014973218749999 0.384566440625 0.595163865625 0.3841235625 0.603000490625 0.395583025 0.6113526078125 0.40616804218749997 0.6181585 0.41937280625 0.627866890625 0.43005446562499994 0.6338933124999999 0.44138554374999994 0.6381557984375 0.438957540625 0.6345483749999999 0.42552028750000004 0.6251655281249999 0.416680571875 0.6156134234375 0.40373811875000004 0.6073246671875 0.392247040625
4 0.598538928125 0.39436055 0.5928065578124999 0.38532175625 0.5856320671875 0.383911378125 0.5933738421875 0.39672724062500003 0.6072908671875 0.4122484421875 0.6068593015625 0.40539949531249997 0.598538928125 0.39436055
4 0.28237643437500004 0.37770804999999996 0.2725189671875 0.37565571875 0.2540840921875 0.3857324421875 0.242814453125 0.390854471875 0.23533293125000002 0.40033229375 0.23014369375000002 0.4095160625 0.2382149890625 0.40462472656250004 0.246023846875 0.3969889734375 0.25968074375 0.3902146984375 0.27001270625 0.38548144375 0.2771163765625 0.3814329359375 0.28237643437500004 0.37770804999999996