1 0.3884591625 0.44895710937500005 0.3952537953125 0.4493132 0.39641840625 0.43575125000000003 0.3891711578125 0.4353714375 0.3884591625 0.44895710937500005
1 0.41029399531250005 0.4482859875 0.41081622500000003 0.43832124375000003 0.4054524 0.4366785609375 0.40485900781249995 0.4480011515625 0.41029399531250005 0.4482859875
1 0.42573946406249996 0.44818592968750004 0.426785471875 0.43688705937499994 0.4208978671875 0.43657850312499996 0.420256940625 0.4488081234375 0.42573946406249996 0.44818592968750004
1 0.44113739687500003 0.4489929015625 0.4403729390625 0.4375991484375 0.43627378281249996 0.43783998124999995 0.4352735140625 0.4482317296875 0.44113739687500003 0.4489929015625
1 0.45570126093749996 0.4483945828125 0.45586575625 0.4365956546875 0.45138533281250004 0.4354513265625 0.4502443484375 0.4485624578125 0.45570126093749996 0.4483945828125
1 0.472077478125 0.4478894453125 0.47274203124999997 0.4352090046875 0.46723588281249995 0.43628201874999994 0.46659495624999997 0.44851163749999995 0.472077478125 0.4478894453125
1 0.5832740140625 0.44917661249999996 0.5838436859375 0.43830663750000004 0.578885034375 0.43759290625 0.578744259375 0.44893921875 0.5832740140625 0.44917661249999996
1 0.6004367671875 0.45098379375000003 0.5997892109375 0.43732507031249995 0.59340145625 0.437899821875 0.5931895203125 0.45060398125 0.6004367671875 0.45098379375000003
1 0.6149769109375 0.450838090625 0.61468699375 0.43901535 0.6101353140625 0.4392306640625 0.609613178125 0.4491936109375 0.6149769109375 0.450838090625
1 0.6317564124999999 0.4512636078125 0.631586990625 0.4371760828125 0.6261282828125 0.43734386406250003 0.626345240625 0.450524359375 0.6317564124999999 0.4512636078125
1 0.64629665 0.451116109375 0.6456270749999999 0.43791189218750004 0.6406209828125 0.43810339374999996 0.6408616625 0.4508312734375 0.64629665 0.451116109375
1 0.661696378125 0.451923175 0.6618828 0.43967153750000004 0.6573311203125 0.4398868546875 0.657619240625 0.4517095015625 0.661696378125 0.451923175
1 0.275499603125 0.44666982656250004 0.281839821875 0.447002103125 0.2820754796875 0.43384532499999995 0.27664049375 0.433560490625 0.275499603125 0.44666982656250004
1 0.2618645984375 0.446864765625 0.2673233078125 0.44669698437500005 0.267559059375 0.4335384125 0.26119511875 0.4336587515625 0.2618645984375 0.446864765625
1 0.2513541546875 0.448129375 0.251708509375 0.43270772031250004 0.245297034375 0.4337350875 0.2449901203125 0.4482515109375 0.2513541546875 0.448129375
1 0.2349304953125 0.44953974375000005 0.23616636249999998 0.4346181484375 0.230302478125 0.433856975 0.229042890625 0.4492311875 0.2349304953125 0.44953974375000005
1 0.221344821875 0.44882774843749995 0.22267566562500002 0.43209389218750005 0.21621674999999999 0.4340264921875 0.21502652812499998 0.44804276249999997 0.221344821875 0.44882774843749995
2 0.20728101875 0.44854455625 0.20758793125000002 0.434028134375 0.202200384375 0.4328380671875 0.2005119015625 0.44773594218749996 0.20728101875 0.44854455625
0 0.3945284140625 0.40249885 0.394669190625 0.3911525375 0.3964780125 0.38261860312499996 0.388420415625 0.380380884375 0.3857792578125 0.3961365515625 0.3870912140625 0.4057435609375 0.386092740625 0.416135403125 0.38654699843749996 0.424787940625 0.38616728125 0.43203339218750003 0.3919599078125 0.4341542109375 0.3988732359375 0.4322454234375 0.39779669218749997 0.41811215781250005 0.394958953125 0.41160400468749997 0.3945284140625 0.40249885
0 0.4200046140625 0.384307240625 0.4143069625 0.3803741609375 0.41151985468749996 0.39022020625 0.4082089703125 0.40140037968750003 0.4066154625 0.41448599531249997 0.40497442031249997 0.42847863750000004 0.40924126406249994 0.433698309375 0.41305573906250004 0.4302637390625 0.4122893921875 0.4188716890625 0.415600278125 0.4076915171875 0.41657512499999994 0.3977504953125 0.4200046140625 0.384307240625
4 0.43037453125 0.3857584234375 0.43022867500000006 0.3798470046875 0.4243410703125 0.3795384484375 0.423940975 0.395867225 0.42317800625 0.4017310140625 0.42844521406249997 0.3965571421875 0.43037453125 0.3857584234375
4 0.4259955578125 0.41731890156249996 0.42487330781250005 0.41271789062500003 0.4217506390625 0.41164651875 0.4211098046875 0.42387434218750003 0.42216089375 0.42983320156250004 0.4243748921875 0.4222282203125 0.4259955578125 0.41731890156249996
0 0.5726535046875 0.39185156875 0.568434103125 0.385726665625 0.561400434375 0.3812715109375 0.5670761 0.39428422812499997 0.5730127875 0.40231636875000004 0.577306790625 0.4157123359375 0.5783596156249999 0.43029821718749994 0.5798139875 0.43718773281249995 0.5868697359375 0.43256145312500005 0.58553216875 0.4234087625 0.5792614703125001 0.41308981874999995 0.57635083125 0.39931249062499996 0.5726535046875 0.39185156875
0 0.5856237671875 0.4043406625 0.5776358765625 0.392112684375 0.569552915625 0.3816987640625 0.5739656140625 0.39282985312499996 0.57899536875 0.4008126640625 0.5835979265625 0.40832102656249997 0.5877241484375 0.4162582875 0.5926607203125001 0.42605345312500004 0.59988409375 0.43551460468750003 0.6021473296875001 0.427004484375 0.5932303921875001 0.415183478125 0.5856237671875 0.4043406625
0 0.605427771875 0.390390378125 0.5994672703124999 0.38281265000000003 0.59312705 0.382480371875 0.601162475 0.393801321875 0.6096980546874999 0.4042389625 0.616733365625 0.41732293593750003 0.6266266984375 0.42783353437500005 0.6328499562500001 0.4390577109375 0.63706941875 0.43655568593750005 0.6332280328125 0.4231834390625 0.6236923390625 0.414508821875 0.6139158140625 0.4017350484375 0.605427771875 0.390390378125
4 0.5966802578125 0.39265689843749996 0.5907910125 0.383719525 0.583593 0.3824345734375 0.5915572640625 0.395113371875 0.6057430515625 0.410389321875 0.6051920203125001 0.4035489515625 0.5966802578125 0.39265689843749996
4 0.28027529218749997 0.38152473124999997 0.2703835078125 0.379644746875 0.252127303125 0.3900416703125 0.240948771875 0.3953596015625 0.2336338 0.40496655 0.22860563125 0.4142394859375 0.23659033125 0.40920803125000005 0.24426473906249999 0.4014371578125 0.257801328125 0.3944255671875 0.26804910937500004 0.3895127171875 0.27508104218749996 0.38534085 0.28027529218749997 0.38152473124999997