1 0.2030217015625 0.4854350703125 0.20220242968750002 0.47371895 0.1956447515625 0.47535367500000003 0.1963548953125 0.485509203125 0.2030217015625 0.4854350703125
1 0.2170810484375 0.48445194531249997 0.21612520468750002 0.47078274843749995 0.20951295937499997 0.47163717656250004 0.21080438906249999 0.48449879687499997 0.2170810484375 0.48445194531249997
1 0.23069567968750002 0.48271580468749997 0.23018688593749997 0.469799459375 0.22474508593750003 0.47057204218750004 0.22525621718750002 0.48348822656249996 0.23069567968750002 0.48271580468749997
1 0.2456273796875 0.477354371875 0.24514352968750003 0.4648283359375 0.24056637187500002 0.4667189734375 0.2401606359375 0.47773664374999997 0.2456273796875 0.477354371875
1 0.2608322234375 0.4758990890625 0.2595135140625 0.462647321875 0.25488162812500004 0.46375532656249996 0.2557556265625 0.4762540796875 0.2608322234375 0.4758990890625
1 0.2744194125 0.473770465625 0.27396300625 0.46163691562500003 0.269276559375 0.4619646234375 0.2697329640625 0.47409817343749994 0.2744194125 0.473770465625
1 0.3866554828125 0.46239130624999997 0.38569947656250003 0.4487197734375 0.37989497499999997 0.449912121875 0.3800159578125 0.4628555859375 0.3866554828125 0.46239130624999997
1 0.401470015625 0.4609609703125 0.40006712499999997 0.44653892031250003 0.39465494375 0.4477014890625 0.3960829453125 0.462516184375 0.401470015625 0.4609609703125
1 0.4170650078125 0.45947840624999997 0.4157166796875 0.4458366546875 0.41030449999999996 0.44699922187499996 0.411178496875 0.459497975 0.4170650078125 0.45947840624999997
1 0.43104250781250003 0.45732483593750006 0.430141228125 0.44443593437500006 0.4250919140625 0.4451810734375 0.42596591093749997 0.45767982656250006 0.43104250781250003 0.45732483593750006
1 0.4474450765625 0.45617785624999996 0.44615365 0.44331623750000004 0.4403240390625 0.44411593906249996 0.4403606765625 0.4558867875 0.4474450765625 0.45617785624999996
1 0.4629853421875 0.4539126609375 0.46208406249999995 0.441023759375 0.455526546875 0.44266082031250004 0.4563458171875 0.4543769421875 0.4629853421875 0.4539126609375
1 0.5724880421874999 0.4427246375 0.57155948125 0.42944558749999995 0.56567280625 0.42946282187499996 0.566265946875 0.443551784375 0.5724880421874999 0.4427246375
1 0.58808286875 0.4412397375 0.5870724625 0.42679024375 0.5808230859375 0.42722724218749997 0.581724365625 0.44011614374999997 0.58808286875 0.4412397375
1 0.604430875 0.43931246249999995 0.6021952984375 0.4241621828125 0.595973203125 0.424989328125 0.59656634375 0.4390782921875 0.604430875 0.43931246249999995
1 0.6188008609375 0.43713144843749996 0.617089665625 0.42390712500000005 0.6112873359375001 0.42509697500000004 0.6117711875 0.4376230109375 0.6188008609375 0.43713144843749996
1 0.633667784375 0.43648390625 0.631795071875 0.42091619687500004 0.62599040625 0.422106209375 0.62622068125 0.43661260312500005 0.633667784375 0.43648390625
1 0.64929005625 0.435391490625 0.6474991890624999 0.420994225 0.64166724375 0.421794090625 0.642287665625 0.43627320156250005 0.64929005625 0.435391490625
4 0.267109653125 0.419729525 0.2710235171875 0.41396001718750003 0.26988589531249996 0.408938146875 0.2617302921875 0.4157883765625 0.25477475156249996 0.42294674531250004 0.24784649375 0.43049526406250005 0.2386819671875 0.4397707265625 0.23588615625 0.44467559218749997 0.24109932343749998 0.446273678125 0.2457958203125 0.44044944375000006 0.2520507375 0.43451858125 0.259207625 0.42459939531249996 0.267109653125 0.419729525
4 0.4376086703125 0.394071034375 0.434100378125 0.388820534375 0.434603634375 0.40723074531250003 0.4327794171875 0.41481675625000003 0.42983682187500005 0.42326273593749997 0.4242530734375 0.42757844218749996 0.4243817703125 0.43502554375 0.431239875 0.4376871203125 0.4357156171875 0.4287395296875 0.43838507031249996 0.416387396875 0.439153509375 0.4049499609375 0.4376086703125 0.394071034375
4 0.41447833593750005 0.4168806046875 0.4138502 0.40789785468749995 0.41358493125000007 0.3984976765625 0.4115304390625 0.39157729375 0.4090154859375 0.39489195 0.4090623375 0.401168609375 0.4091013125 0.41293929374999994 0.409691953125 0.4270260828125 0.41447833593750005 0.4168806046875
4 0.3767385484375 0.4159864296875 0.37717173125 0.40536124375 0.373755496875 0.3957869984375 0.373576053125 0.4044341625 0.374149625 0.412636615625 0.3758389125 0.41997459062500003 0.3767385484375 0.4159864296875
4 0.5596092671874999 0.398883903125 0.556493459375 0.393605959375 0.551705596875 0.3868767125 0.547471734375 0.382463409375 0.5421219953125 0.378912246875 0.548827775 0.3906087984375 0.5556234421874999 0.397984103125 0.5596092671874999 0.398883903125
4 0.565031496875 0.392224809375 0.5558380421875 0.3842330609375 0.547953940625 0.37811238125 0.5532139609375 0.385987125 0.557947096875 0.3919337390625 0.5653319234375 0.39652110937499996 0.565031496875 0.392224809375