1 0.36649015625 0.4383780671875 0.36055798906250003 0.4382745203125 0.358483690625 0.4551464 0.3661951140625 0.455281003125 0.36649015625 0.4383780671875
1 0.3827976328125 0.455868090625 0.3824847515625 0.43984247343750005 0.375668109375 0.43942816718750005 0.37538340937500003 0.455738675 0.3827976328125 0.455868090625
1 0.41306964687500003 0.4552093015625 0.4142336359375 0.439506753125 0.40711979375 0.43908725937500004 0.4062478515625 0.4550902265625 0.41306964687500003 0.4552093015625
1 0.44510338593750004 0.4554731328125 0.4447853171875 0.43974471406250004 0.4388324671875 0.4408260265625 0.43768400625000004 0.455638946875 0.44510338593750004 0.4554731328125
2 0.3970802390625 0.453447696875 0.3964339140625 0.43949334687499997 0.3907989453125 0.43939498749999994 0.391153259375 0.45304695156249997 0.3970802390625 0.453447696875
2 0.42914507031250004 0.45193030156249997 0.42847802812499997 0.43916277812500004 0.4225374875 0.43965169687500005 0.4223200546875 0.45210845937500005 0.42914507031250004 0.45193030156249997
2 0.257982065625 0.45131701875 0.25796960156250004 0.4349993546875 0.250258178125 0.43486475156250004 0.24968340000000003 0.45087487499999995 0.257982065625 0.45131701875
2 0.22444358593749997 0.4522141125 0.2247334734375 0.4356064046875 0.21848857812500003 0.4363872984375 0.21762179062499998 0.4520950375 0.22444358593749997 0.4522141125
2 0.23927203437500003 0.45247294374999997 0.2386826359375 0.43525727812500004 0.23274012812499997 0.4357461609375 0.2324450515625 0.45265106718750003 0.23927203437500003 0.45247294374999997
1 0.5571514296875 0.460691246875 0.5568178328125 0.4458524546875 0.5499908484375 0.4460305796875 0.5494606875 0.45937178437500004 0.5571514296875 0.460691246875
1 0.5716898031250001 0.46064969375000003 0.5728486359375 0.445242375 0.566006125 0.44631012812500004 0.5654656234375001 0.4602437609375 0.5716898031250001 0.46064969375000003
1 0.5891975125 0.4603607125 0.58916433125 0.44522987656249996 0.58262420625 0.44600561718750004 0.5829649265625 0.46054921249999997 0.5891975125 0.4603607125
2 0.6016905203125 0.458501690625 0.602526253125 0.4445732109375 0.5962833265625 0.44535413906250004 0.5966479812500001 0.4584136734375 0.6016905203125 0.458501690625
2 0.6183033796874999 0.45849635 0.6188522890625 0.443968284375 0.6126197046875 0.4441567828125 0.6120688624999999 0.45868284531250003 0.6183033796874999 0.45849635
2 0.6351876046875 0.459976284375 0.6339727500000001 0.4445295015625 0.6277298250000001 0.44531043124999997 0.6268785625 0.46012853906249995 0.6351876046875 0.459976284375