1 0.6312811 0.4483394828125 0.6389749109375 0.447801478125 0.6360204484375 0.43106128281249995 0.63010183125 0.4314751515625 0.6312811 0.4483394828125
1 0.62212935 0.4492774046875 0.6209914125 0.43300415000000003 0.6142057953125 0.43377464374999997 0.614732059375 0.44979467343749996 0.62212935 0.4492774046875
1 0.59127326875 0.450245165625 0.589564990625 0.43430976406250005 0.5824828531249999 0.4351009921875 0.5844670546875 0.45072110312499997 0.59127326875 0.450245165625
1 0.5599089125 0.452438375 0.557986778125 0.4377058609375 0.5519854953125 0.43693757812499995 0.5524910249999999 0.4526610875 0.5599089125 0.452438375
2 0.6062402375 0.4474147015625 0.6058795781249999 0.433762903125 0.600257478125 0.4341560390625 0.6003423546875 0.44812509062499994 0.6062402375 0.4474147015625
2 0.5750670390625 0.44810863906250004 0.5741979671874999 0.43568032656250005 0.5682399796875 0.4355029828125 0.5682420515625 0.4482879203125 0.5750670390625 0.44810863906250004
2 0.7474025390625 0.43784164062500003 0.74599064375 0.42188353906250003 0.7382968328125 0.42242154374999996 0.7391383874999999 0.438717496875 0.7474025390625 0.43784164062500003
2 0.77948406875 0.43738215625 0.7777963890625 0.4217413078125 0.7715191828125 0.42128831718750004 0.7726778546874999 0.4378580921875 0.77948406875 0.43738215625
2 0.7647102218749999 0.4387132125 0.763530815625 0.4218469171875 0.7575708640625 0.42166971249999996 0.7578832734375001 0.4388926296875 0.7647102218749999 0.4387132125
1 0.44848078124999996 0.4620160359375 0.44725312031250003 0.4487208625 0.440426171875 0.448900278125 0.440869634375 0.46373619218749995 0.44848078124999996 0.4620160359375
1 0.4325434140625 0.46372445156250003 0.4312744234375 0.44983820156250004 0.42438540781249995 0.449130021875 0.426349009375 0.4644555765625 0.4325434140625 0.46372445156250003
1 0.41508407968750005 0.4649453265625 0.4146631796875 0.45040383124999994 0.4080914171875 0.4499714375 0.40885016875 0.465083275 0.41508407968750005 0.4649453265625
2 0.4013080109375 0.46352882968750003 0.40098868281250005 0.45046810937500004 0.394713440625 0.45001498125 0.39627698906250003 0.463880634375 0.4013080109375 0.46352882968750003
2 0.3859223515625 0.46460470000000004 0.3846120296875 0.45012737343750003 0.3783781203125 0.450265321875 0.3796866171875 0.46474475000000004 0.3859223515625 0.46460470000000004
2 0.3712086078125 0.4668234921875 0.36958299375000003 0.45207024375 0.363307753125 0.45161711406249994 0.36290298593750003 0.4671063078125 0.3712086078125 0.4668234921875