1 0.8052433156250001 0.4246279546875 0.802573540625 0.396208790625 0.793812459375 0.397499675 0.7957558453125 0.4252913828125 0.8052433156250001 0.4246279546875
1 0.7891188390625 0.42779876406249995 0.7857266234375 0.398747603125 0.775323084375 0.39607105468750003 0.7796313671874999 0.4284621921875 0.7891188390625 0.42779876406249995
1 0.7683114640625 0.4224414171875 0.766368375 0.394653953125 0.7562017125 0.395364875 0.7580973078125 0.4224731484375 0.7683114640625 0.4224414171875
1 0.7491426 0.421056046875 0.7474363859375 0.3966560546875 0.7385334171875 0.39591785 0.7403818156249999 0.422351175 0.7491426 0.421056046875
1 0.7314271078125001 0.4209340734375 0.7290417015624999 0.396581575 0.718685359375 0.394579971875 0.7212604453125 0.4216449953125 0.7314271078125001 0.4209340734375
1 0.7133167921875 0.42492625781250004 0.7092928781250001 0.3966017859375 0.699852603125 0.39794016249999997 0.7017959890625 0.4257318703125 0.7133167921875 0.42492625781250004
4 0.720993871875 0.3399326296875 0.703921596875 0.3295493 0.6931387015625 0.3214477 0.6827236437499999 0.3283058171875 0.6998909062500001 0.34004753125 0.7185069984375 0.3530486921875 0.7348885625 0.37301418124999997 0.7437126046875 0.36286328125 0.7358906281250001 0.34842480781249996 0.720993871875 0.3399326296875
3 0.7475218859375 0.339438371875 0.72170005 0.32081125781250003 0.7092044640624999 0.32713661250000003 0.726182046875 0.33616579999999996 0.7411734937500001 0.3460121203125 0.7550437296875 0.35934514375000004 0.7709043453125 0.37186074062499996 0.7770673046875001 0.3625741703125 0.7642038796875 0.3539398046875 0.7475218859375 0.339438371875
1 0.5748922203125 0.44209643437499996 0.5725543078124999 0.418423128125 0.562924653125 0.41705322499999997 0.5653572578125 0.442080671875 0.5748922203125 0.44209643437499996
1 0.5536900234375 0.44085324843749996 0.5504874859375 0.4145146140625 0.5424491421875001 0.4164417359375 0.5435708546875 0.4422433625 0.5536900234375 0.44085324843749996
1 0.5183537296875 0.44196344062500004 0.515099453125 0.4149459109375 0.5043528296875001 0.4170624140625 0.506876175 0.44344854375000003 0.5183537296875 0.44196344062500004
1 0.49879004218749995 0.444692228125 0.49549281250000005 0.41699945468750005 0.48799117968749994 0.41684150625000005 0.4907042046875 0.445940159375 0.49879004218749995 0.444692228125
1 0.47850420781249997 0.4467932671875 0.4759808625 0.42040713749999997 0.46644165312499997 0.42039167187500004 0.46771009062499996 0.4482305765625 0.47850420781249997 0.4467932671875