1 0.8087155562499999 0.4450536109375 0.8087155562499999 0.4200158328125 0.799202221875 0.41951583281250004 0.796697778125 0.44355138906249997 0.8087155562499999 0.4450536109375
1 0.7881866671875 0.4460558328125 0.78768444375 0.42151805624999994 0.78117555625 0.42101805625 0.7806733328125001 0.44705583281249994 0.7881866671875 0.4460558328125
1 0.77116 0.4450536109375 0.77066 0.42202027812500004 0.7636488890625001 0.42151805624999994 0.7636488890625001 0.4445536109375 0.77116 0.4450536109375
1 0.7511311109375 0.44054694375 0.7506288890625 0.41951583281250004 0.745122221875 0.4180136109375 0.7446200000000001 0.44004694375 0.7511311109375 0.44054694375
1 0.7306 0.4380425 0.7311 0.4180136109375 0.7250911109375 0.4165113890625 0.7240911109375 0.4380425 0.7306 0.4380425
1 0.7110711109375 0.43854472187500004 0.7120733328125 0.4155091671875 0.705062221875 0.41400694375 0.705062221875 0.43854472187500004 0.7110711109375 0.43854472187500004
2 0.570862221875 0.4450536109375 0.570862221875 0.42452249999999997 0.5648533328124999 0.42452249999999997 0.5643533328125 0.4455536109375 0.570862221875 0.4450536109375
2 0.54532444375 0.44405138906249997 0.55183555625 0.4445536109375 0.55183555625 0.42452249999999997 0.5468266671875 0.425024721875 0.54532444375 0.44405138906249997
2 0.515782221875 0.4445536109375 0.51478 0.423020278125 0.5062666671875 0.41951583281250004 0.5067688890625 0.44305138906249997 0.515782221875 0.4445536109375
2 0.4937488890625 0.44104694375 0.4932466671875 0.42101805625 0.487237778125 0.42151805624999994 0.487237778125 0.44104694375 0.4937488890625 0.44104694375
2 0.47472000000000003 0.44254916718750004 0.47472000000000003 0.42101805625 0.46871111093750006 0.4200158328125 0.46871111093750006 0.44254916718750004 0.47472000000000003 0.44254916718750004
3 0.7232666671875 0.38401805625 0.7289133328124999 0.3975736109375 0.7311733328125001 0.4088691671875 0.73682 0.41508027812500004 0.7503755562500001 0.41508027812500004 0.7520688890625 0.40999805624999996 0.741337778125 0.3857136109375 0.72722 0.3710291671875 0.7193133328125 0.37215805625 0.7232666671875 0.38401805625
3 0.7927311109375 0.40265583281249995 0.781437778125 0.39474916718749997 0.7695777781250001 0.380064721875 0.7481155562499999 0.36594694375 0.7644933328125 0.40039805624999997 0.77522444375 0.4128225 0.7921666671875001 0.4128225 0.7927311109375 0.40265583281249995