1 0.203321125 0.480254303125 0.20270645312500002 0.46852566875 0.19612124375 0.47004569687500003 0.196654040625 0.48021207343750005 0.203321125 0.480254303125
1 0.2173954890625 0.47951669687500004 0.2166783515625 0.4658329 0.2100522015625 0.4665717984375 0.21111896875 0.4794539984375 0.2173954890625 0.47951669687500004
1 0.231038346875 0.4780184296875 0.2307550515625 0.465095171875 0.2253005984375 0.46577266406250006 0.2255862328125 0.4786958015625 0.231038346875 0.4780184296875
1 0.24606134375000002 0.47291840625 0.245796175 0.46038583437499997 0.24118671875 0.4621963 0.24058875937500002 0.4732052125 0.24606134375000002 0.47291840625
1 0.26128926875 0.47172870624999996 0.2602020359375 0.4584559421875 0.2555515171875 0.45948294062499995 0.25620725 0.47199504374999995 0.26128926875 0.47172870624999996
1 0.2749115375 0.46983753593750005 0.2746669609375 0.45769786874999996 0.2699755078125 0.45794373750000006 0.270220084375 0.47008340468750004 0.2749115375 0.46983753593750005
1 0.38732910781249996 0.4604188984375 0.38661184843749996 0.4467327640625 0.380787421875 0.447823628125 0.3806824921875 0.4607672328125 0.38732910781249996 0.4604188984375
1 0.40216634687499997 0.45924732968750004 0.40101536875 0.44480299375000004 0.39558372343750003 0.4458709296875 0.3967529546875 0.46070829062499996 0.40216634687499997 0.45924732968750004
1 0.41778483906249997 0.4580371625 0.4166747984375 0.44437395625000004 0.4112431515625 0.44544189218749997 0.4118988828125 0.4579539953125 0.41778483906249997 0.4580371625
1 0.43179779375000005 0.4561278625 0.43112159375000003 0.44322519375 0.42606004531249997 0.443882096875 0.4267157765625 0.4563941984375 0.43179779375000005 0.4561278625
1 0.44821788281249997 0.45526732187499996 0.44715111875 0.442385121875 0.44130843906250006 0.4430829625 0.44113964218749996 0.45485265625000004 0.44821788281249997 0.45526732187499996
1 0.4637953140625 0.45327368593750006 0.4631191140625 0.4403710171875 0.45653402656250003 0.441893384375 0.45714869843750006 0.4536220203125 0.4637953140625 0.45327368593750006
1 0.5734765953125 0.44399845156250006 0.5727799265625 0.43070521875 0.566893846875 0.4306197140625 0.5672410109375 0.4447168828125 0.5734765953125 0.44399845156250006
1 0.5890949625 0.44278594531250004 0.5883368875 0.4283210171875 0.5820808359375 0.4286488828125 0.5827570375 0.4415515515625 0.5890949625 0.44278594531250004
1 0.6054741140625 0.441144275 0.6035032859375 0.4259572875 0.597267703125 0.42667571718749997 0.5976148671875 0.4407728859375 0.6054741140625 0.441144275
1 0.619879975 0.43921438437500004 0.6183998374999999 0.4259622109375 0.612577625 0.4270506140625 0.6128427921874999 0.43958318749999997 0.619879975 0.43921438437500004
1 0.634755934375 0.4388264046875 0.6331552015625 0.4232283828125 0.62733065 0.424316909375 0.6273077203125 0.4388251125 0.634755934375 0.4388264046875
1 0.6503948921875 0.43800680156249994 0.648855565625 0.42358047499999996 0.6430105484374999 0.42427843593750003 0.64337818125 0.4387661703125 0.6503948921875 0.43800680156249994
4 0.2685460359375 0.415677253125 0.2725599953125 0.40997693125 0.27151019062500004 0.4049359703125 0.2632362765625 0.4116428234375 0.256156865625 0.41867871093750003 0.2490979234375 0.42610516406250004 0.23977291250000002 0.43521927031249996 0.23689192499999998 0.440074596875 0.242076409375 0.441763421875 0.2468738375 0.4360220390625 0.2532313109375 0.43020124375 0.260560221875 0.4204084734375 0.2685460359375 0.415677253125
4 0.43946688749999996 0.3929982890625 0.43605076406250004 0.3876873609375 0.436232640625 0.40610355 0.43427630781250004 0.41365656875 0.4311867578125 0.4220499078125 0.4255285390625 0.42626750625 0.42552724687500004 0.4337157203125 0.4323378578125 0.43649658125 0.43696907500000004 0.42762846562499995 0.4398536953125 0.41532480312500003 0.44082162968749994 0.40390251875 0.43946688749999996 0.3929982890625
4 0.4159419953125 0.4154007046875 0.41547072500000004 0.40640836093750005 0.415369553125 0.397004984375 0.41343615156249997 0.3900498 0.41086373125 0.3933200609375 0.4108010328125 0.39959658125 0.410634575 0.4113661515625 0.410979278125 0.4254611046875 0.4159419953125 0.4154007046875
4 0.37822355937499996 0.4138480171875 0.3788421125 0.40323200937500003 0.37559349218750004 0.3935996 0.37526316249999997 0.402242315625 0.37569349375 0.41045352968750004 0.377254459375 0.41781986875 0.37822355937499996 0.4138480171875
4 0.5613649078125 0.399939628125 0.5583416875 0.39460811093750003 0.5536719953125 0.387796328125 0.5495158015625 0.38330980625 0.5442288515625 0.37966581875 0.550729478125 0.391477621875 0.55739539375 0.3989704046875 0.5613649078125 0.399939628125
4 0.566902528125 0.39337618124999996 0.55784995 0.3852252015625 0.5500738703125 0.37896785624999996 0.5551956546875 0.3869332015625 0.5598242875 0.39296151562500004 0.567127928125 0.39767706875000003 0.566902528125 0.39337618124999996