1 0.357722440625 0.45762303125 0.36543503906249997 0.45762303125 0.36543503906249997 0.4407175203125 0.35950196874999996 0.4407175203125 0.357722440625 0.45762303125
1 0.374629921875 0.44160728281250006 0.374629921875 0.45792027500000004 0.38204527499999996 0.45792027500000004 0.38145275624999997 0.441902559375 0.374629921875 0.44160728281250006
1 0.406070865625 0.4407175203125 0.405478346875 0.45673326718749996 0.41230118125 0.45673326718749996 0.4131909453125 0.44101279531250004 0.406070865625 0.4407175203125
1 0.4378090546875 0.441902559375 0.436919290625 0.45673326718749996 0.4443346453125 0.45643799218750003 0.4437421265625 0.4407175203125 0.4378090546875 0.441902559375
2 0.3897578734375 0.4413100390625 0.39035039375 0.454953740625 0.39628346406250003 0.455250984375 0.39539370156250003 0.4413100390625 0.3897578734375 0.4413100390625
2 0.4214960625 0.44101279531250004 0.4214960625 0.45347145624999996 0.4283169296875 0.4531742125 0.427427165625 0.44042027499999997 0.4214960625 0.44101279531250004
2 0.24915944843750001 0.4392332671875 0.24886417343749997 0.455250984375 0.257169290625 0.45554822812499995 0.256872046875 0.4392332671875 0.24915944843750001 0.4392332671875
2 0.217421259375 0.4413100390625 0.21682874062500002 0.4570305125 0.22365157500000002 0.4570305125 0.22365157500000002 0.44042027499999997 0.217421259375 0.4413100390625
2 0.2316594484375 0.44042027499999997 0.2316594484375 0.45732775625000005 0.2384822828125 0.4570305125 0.2375925203125 0.43982775625 0.2316594484375 0.44042027499999997
1 0.5490413390625 0.44516633906249997 0.54874409375 0.4585147640625 0.5564566921874999 0.45969980312500003 0.5558641734374999 0.44486909375000006 0.5490413390625 0.44516633906249997
1 0.5650590546875 0.44516633906249997 0.5647618109375 0.4591072828125 0.5709921265625 0.459404528125 0.5718818890625 0.44397933125 0.5650590546875 0.44516633906249997
1 0.5816692906250001 0.44457185 0.5822637796875 0.4591072828125 0.5884921265624999 0.45881003906249995 0.58819488125 0.44368208593749997 0.5816692906250001 0.44457185
2 0.5953149609375 0.44368208593749997 0.5959074796875 0.45673326718749996 0.6009507875 0.45673326718749996 0.6015433078125 0.4427923234375 0.5953149609375 0.44368208593749997
2 0.611627953125 0.442199803125 0.611330709375 0.45673326718749996 0.6175610234375 0.45643799218750003 0.6178562984375 0.441902559375 0.611627953125 0.442199803125
2 0.62675590625 0.4430895671875 0.6261633859375 0.45792027500000004 0.6344685046875 0.45762303125 0.6329842515624999 0.442199803125 0.62675590625 0.4430895671875