2 0.3575728546875 0.44708258437500004 0.35706586875 0.46174725624999996 0.3668223546875 0.4615037421875 0.3663353296875 0.44687100781250005 0.3575728546875 0.44708258437500004
2 0.3734071859375 0.44711452031250004 0.372676646875 0.46223627812499996 0.3814570859375 0.462966815625 0.3814570859375 0.44687100781250005 0.3734071859375 0.44711452031250004
2 0.3887724546875 0.445894959375 0.3887724546875 0.46174725624999996 0.39755289375 0.4619927640625 0.39730938125000004 0.44662549843750005 0.3887724546875 0.445894959375
2 0.4041397203125 0.44613847343749996 0.4043832328125 0.4619927640625 0.41194411249999996 0.4619927640625 0.41194411249999996 0.44613847343749996 0.4041397203125 0.44613847343749996
2 0.4204790421875 0.44687100781250005 0.4207245515625 0.4619927640625 0.429504990625 0.4615037421875 0.42901596875000003 0.44613847343749996 0.4204790421875 0.44687100781250005
2 0.43706586875 0.447601546875 0.436576846875 0.4619927640625 0.445113771875 0.46174725624999996 0.444870259375 0.44687100781250005 0.43706586875 0.447601546875
2 0.5502994015625 0.449170409375 0.5502994015625 0.46394086874999996 0.558483034375 0.46414046875 0.5582834328125 0.4487712078125 0.5502994015625 0.449170409375
2 0.566267465625 0.44817240468749997 0.566467065625 0.4627432640625 0.5746506984375 0.4629428640625 0.5746506984375 0.44837200624999995 0.566267465625 0.44817240468749997
2 0.583632734375 0.449170409375 0.583433134375 0.4635416671875 0.5908183625000001 0.4635416671875 0.5906187625 0.44956961093750003 0.583632734375 0.449170409375
2 0.597804390625 0.4489708078125 0.5976047906249999 0.4619448609375 0.605588821875 0.46214446093749995 0.605588821875 0.4487712078125 0.597804390625 0.4489708078125
2 0.6143712578125 0.449170409375 0.6145708578125 0.4625436625 0.6217564875 0.4623440625 0.6213572859375 0.44937000937500005 0.6143712578125 0.449170409375