1 0.1909234046875 0.41756808437500004 0.190242553125 0.44610425468750003 0.1997531921875 0.44610425468750003 0.1997531921875 0.41824468125 0.1909234046875 0.41756808437500004
1 0.20790638281249998 0.41892553125000004 0.20654893593749998 0.448142553125 0.216059575 0.448142553125 0.21809787187500002 0.41552978749999997 0.20790638281249998 0.41892553125000004
1 0.22693191562499998 0.4134914890625 0.22693191562499998 0.44134680781249996 0.2371234046875 0.44066595781249995 0.2371234046875 0.4134914890625 0.22693191562499998 0.4134914890625
1 0.245957446875 0.41416808437499997 0.245957446875 0.438627659375 0.254787234375 0.4393085109375 0.254787234375 0.4128106390625 0.245957446875 0.41416808437499997
1 0.264302128125 0.4128106390625 0.2636212765625 0.4372702125 0.273812765625 0.4372702125 0.2744936171875 0.4100914890625 0.264302128125 0.4128106390625
1 0.2840042546875 0.4114531921875 0.2819659578125 0.43998936093749996 0.29351489375 0.43998936093749996 0.29351489375 0.41212978749999996 0.2840042546875 0.4114531921875
4 0.2948765953125 0.33535531875 0.28468510625 0.3441893609375 0.2683787234375 0.3557382984375 0.2541106390625 0.3652489359375 0.24731489375 0.380197871875 0.25682553124999996 0.3897085109375 0.27177446875 0.3686489359375 0.2894382984375 0.3543808515625 0.30574468125 0.3414702125 0.2948765953125 0.33535531875
3 0.2792468078125 0.3421510640625 0.266340425 0.336712765625 0.2418808515625 0.3570957453125 0.2262510640625 0.37272553125 0.21402127656249997 0.3822361703125 0.220817021875 0.39107021249999996 0.23576595781249998 0.3774787234375 0.248672340625 0.3632106390625 0.262940425 0.352342553125 0.2792468078125 0.3421510640625
1 0.421931915625 0.423682978125 0.4212510640625 0.44746170156250004 0.43076170156250004 0.4467808515625 0.431442553125 0.42164468125 0.421931915625 0.423682978125
1 0.44367234062499994 0.41824468125 0.44231489375 0.44474255312500005 0.4525063828125 0.4454234046875 0.45182553125 0.4196063828125 0.44367234062499994 0.41824468125
1 0.4790042546875 0.41620638281250005 0.47764255312500004 0.44338510624999994 0.48919574531250004 0.44406595781249997 0.489872340625 0.41756808437500004 0.4790042546875 0.41620638281250005
1 0.49870638281249996 0.416887234375 0.49734893593749996 0.44474255312500005 0.5055021281250001 0.4454234046875 0.5061787234375 0.41620638281250005 0.49870638281249996 0.416887234375
1 0.5184085109375001 0.41892553125000004 0.517731915625 0.4454234046875 0.5286 0.44610425468750003 0.5279234046875 0.41824468125 0.5184085109375001 0.41892553125000004