1 0.19128444375 0.4200158328125 0.19128444375 0.4450536109375 0.20330222187500002 0.44355138906249997 0.20079777812500002 0.41951583281250004 0.19128444375 0.4200158328125
1 0.21231555625 0.42151805624999994 0.21181333281249998 0.4460558328125 0.2193266671875 0.44705583281249994 0.21882444375 0.42101805625 0.21231555625 0.42151805624999994
1 0.22934000000000002 0.42202027812500004 0.22884000000000002 0.4450536109375 0.2363511109375 0.4445536109375 0.2363511109375 0.42151805624999994 0.22934000000000002 0.42202027812500004
1 0.2493711109375 0.41951583281250004 0.24886888906250001 0.44054694375 0.25538 0.44004694375 0.254877778125 0.4180136109375 0.2493711109375 0.41951583281250004
1 0.26890000000000003 0.4180136109375 0.2694 0.4380425 0.2759088890625 0.4380425 0.2749088890625 0.4165113890625 0.26890000000000003 0.4180136109375
1 0.2879266671875 0.4155091671875 0.2889288890625 0.43854472187500004 0.294937778125 0.43854472187500004 0.294937778125 0.41400694375 0.2879266671875 0.4155091671875
2 0.429137778125 0.42452249999999997 0.429137778125 0.4450536109375 0.4356466671875 0.4455536109375 0.43514666718750006 0.42452249999999997 0.429137778125 0.42452249999999997
2 0.44816444375 0.4445536109375 0.45467555624999995 0.44405138906249997 0.4531733328125 0.425024721875 0.44816444375 0.42452249999999997 0.44816444375 0.4445536109375
2 0.48522 0.423020278125 0.484217778125 0.4445536109375 0.4932311109375 0.44305138906249997 0.4937333328125 0.41951583281250004 0.48522 0.423020278125
2 0.5067533328125 0.42101805625 0.5062511109375001 0.44104694375 0.512762221875 0.44104694375 0.512762221875 0.42151805624999994 0.5067533328125 0.42101805625
2 0.52528 0.42101805625 0.52528 0.44254916718750004 0.5312888890624999 0.44254916718750004 0.5312888890624999 0.4200158328125 0.52528 0.42101805625
3 0.26882666718750003 0.4088691671875 0.27108666718749996 0.3975736109375 0.2767333328125 0.38401805625 0.2806866671875 0.37215805625 0.27277999999999997 0.3710291671875 0.258662221875 0.3857136109375 0.24793111093750003 0.40999805624999996 0.24962444375 0.41508027812500004 0.26318 0.41508027812500004 0.26882666718750003 0.4088691671875
3 0.2072688890625 0.40265583281249995 0.2078333328125 0.4128225 0.22477555625 0.4128225 0.2355066671875 0.40039805624999997 0.25188444374999996 0.36594694375 0.230422221875 0.380064721875 0.218562221875 0.39474916718749997 0.2072688890625 0.40265583281249995