1 0.1981053859375 0.4541829625 0.1981053859375 0.464363290625 0.20476112343750003 0.464754390625 0.20476112343750003 0.45300966093749995 0.1981053859375 0.4541829625
1 0.2121990625 0.45144291562500005 0.2125901640625 0.464363290625 0.21885480156249998 0.464754390625 0.21885480156249998 0.45105181562499996 0.2121990625 0.45144291562500005
1 0.227468384375 0.45144291562500005 0.2270772828125 0.464363290625 0.23255737656250003 0.46397218906250004 0.2329508203125 0.45105181562499996 0.227468384375 0.45144291562500005
1 0.24351990625000003 0.44870286875 0.24234660468749997 0.4596653984375 0.2478266984375 0.4596653984375 0.24821779843749997 0.44713612343750003 0.24351990625000003 0.44870286875
1 0.258007025 0.4467450234375 0.258007025 0.459274296875 0.26309601875 0.459274296875 0.26270491875 0.44596282187499997 0.258007025 0.4467450234375
1 0.272491803125 0.44596282187499997 0.272100703125 0.458098653125 0.2767985953125 0.458098653125 0.27718969531250004 0.44596282187499997 0.272491803125 0.44596282187499997
1 0.3836814984375 0.44165602968749995 0.382899296875 0.4545764046875 0.389555034375 0.4545764046875 0.389555034375 0.44087148750000005 0.3836814984375 0.44165602968749995
1 0.39855971874999996 0.4404803859375 0.3989508203125 0.45535860625 0.4044332546875 0.4541829625 0.40403981250000004 0.43969818437499997 0.39855971874999996 0.4404803859375
1 0.414220140625 0.44087148750000005 0.414220140625 0.45340076093750004 0.4200936765625 0.4537918625 0.41970023437500004 0.4400892859375 0.414220140625 0.44087148750000005
1 0.4290983609375 0.4400892859375 0.4290983609375 0.452618559375 0.434187353125 0.452618559375 0.434187353125 0.43969818437499997 0.4290983609375 0.4400892859375
1 0.44436768125 0.4400892859375 0.4435831375 0.451834015625 0.45062997656250003 0.452618559375 0.45023887656249995 0.43969818437499997 0.44436768125 0.4400892859375
1 0.4596346609375 0.43969818437499997 0.4596346609375 0.45144291562500005 0.46629039843750003 0.45144291562500005 0.46629039843750003 0.438522540625 0.4596346609375 0.43969818437499997
1 0.5704332546875001 0.43421575 0.5700421546875 0.44831176875 0.5763067921875 0.44792066718749995 0.5763067921875 0.4346091921875 0.5704332546875001 0.43421575
1 0.5857025765625 0.43304244687500004 0.5857025765625 0.44596282187499997 0.5919672125 0.447527225 0.5919672125 0.43304244687500004 0.5857025765625 0.43304244687500004
1 0.600971896875 0.431866803125 0.600580796875 0.44596282187499997 0.6084098359375 0.4467450234375 0.6072365343749999 0.431475703125 0.600971896875 0.431866803125
1 0.6162412171875 0.43304244687500004 0.6158501171874999 0.44557172187500005 0.62289695625 0.44557172187500005 0.6221124125 0.43226024531249996 0.6162412171875 0.43304244687500004
1 0.6311170953125 0.43108460156249995 0.6303348953125 0.44557172187500005 0.637772834375 0.44596282187499997 0.6369906328125 0.4303024 0.6311170953125 0.43108460156249995
1 0.6467775171875 0.431866803125 0.6463864171875 0.4463539234375 0.6534332546875 0.44596282187499997 0.6526510531249999 0.431475703125 0.6467775171875 0.431866803125
4 0.24351990625000003 0.42168881718750006 0.24038875937499998 0.426386709375 0.2454777515625 0.4283445546875 0.2505690859375 0.42286211875 0.2572224828125 0.41738202500000005 0.26505386406250003 0.407986240625 0.273276346875 0.40367945 0.2775831375 0.3981970140625 0.2767985953125 0.39310802031250003 0.2681850109375 0.3993726578125 0.260747071875 0.4060283953125 0.2533091328125 0.41307523437500004 0.24351990625000003 0.42168881718750006
4 0.42948946093749996 0.42247101875000004 0.4290983609375 0.4299089578125 0.4357540984375 0.43304244687500004 0.44084309062499993 0.4244288640625 0.44436768125 0.4122930328125 0.445932084375 0.4009370609375 0.44514988281249995 0.3899768734375 0.44201639375 0.3844944375 0.4412341921875 0.40289490624999996 0.43888524531249995 0.41033518750000003 0.43536065625000003 0.41855532812499996 0.42948946093749996 0.42247101875000004
4 0.42087587812500005 0.3927169203125 0.4193091328125 0.38567008125 0.4165690859375 0.38880122968749997 0.4161779859375 0.3950658671875 0.41539578437499997 0.40681059687500004 0.4150023421875 0.42090427343750003 0.42048477812499996 0.41111738906250006 0.42048477812499996 0.4021127046875 0.42087587812500005 0.3927169203125
4 0.382899296875 0.4075927984375 0.3840726 0.3970237125 0.381332553125 0.387234484375 0.3805503515625 0.3958480671875 0.3805503515625 0.40407055 0.381723653125 0.4115084890625 0.382899296875 0.4075927984375
4 0.5637775171875 0.3978059140625 0.5594707265625 0.39075907499999996 0.555555034375 0.3860611828125 0.5504660421875001 0.3821454921875 0.556339578125 0.3942813234375 0.562604215625 0.4021127046875 0.5665175640625 0.40328834843749994 0.5637775171875 0.3978059140625
4 0.5723911 0.3970237125 0.5637775171875 0.388410128125 0.556339578125 0.381754390625 0.5610374703125001 0.3899768734375 0.5653442625 0.39623916875 0.5723911 0.40133050312499996 0.5723911 0.3970237125